Test1_4_4.txt
0	110.03797235555062  365.81547262515943
1	168.83700976624797  502.5917142786477
2	242.80084627221004  587.3726667096676
3	318.6145887045103  649.3874821805223
4	391.2557917894921  700.0684182944658
5	459.0369089191101  744.0633414735054
6	521.5862853956572  783.3828462176094
7	579.0344613923554  818.9921835720454
8	631.6892582329697  851.4310377963707
9	679.9076191303866  881.0576293885946
Test2_4_4_MixGrid.txt
0	95.15184899723258  374.6863331883818
1	147.64441907368294  505.96811127888986
2	220.16445575098794  586.9978492792008
3	296.73643835297537  647.2855822356538
4	370.9682724189325  697.3339844638064
5	440.5601435998324  741.2191101272796
6	504.8912021091293  781.2095685593973
7	564.0015163225321  817.391504624094
8	618.1738632500768  850.2373167651086
9	667.7655569117446  880.1676019293309
Test3_31_31_kwadrat.txt
0	100.00000000027184  149.55695180811625
1	100.00000000529103  177.44492795006855
2	100.00000005146059  197.2669629216999
3	100.00000033441951  213.1527872915313
4	100.0000016382407  226.68258341907568
5	100.00000647120372  238.60706480588058
6	100.00002152936511  249.34669194249904
7	100.000062212741  259.16507915513023
8	100.00015978338769  268.2406890050142
9	100.00037134491951  276.70109786331903
10	100.00079223550668  284.641283188667
11	100.00156984610148  292.1342190508953
12	100.00291748383833  299.237409945306
13	100.00512679752849  305.9971215275228
14	100.00857746362765  312.45123021353
15	100.01374321423236  318.6312061364374
16	100.02119375970877  324.56353148994293
17	100.03159261406802  330.2707391733732
18	100.0456912009782  335.77218904797905
19	100.064319869904  341.0846585343208
20	100.08837658357241  346.2227990902282
21	100.1188140674788  351.1994940070098
22	100.15662616592903  356.0261424004184
23	100.20283405456875  360.7128871853832
24	100.25847284026617  365.2687999687401
25	100.32457895382632  369.70203240687977
26	100.40217862178713  374.0199411720023
27	100.49227759793125  378.22919193954067
28	100.59585224671977  382.3358465448608
29	100.71384200041075  386.3454365219255
30	100.84714315824674  390.2630255364266
31	100.99660395784281  394.09326269605316
32	101.16302082342379  397.84042831559276
33	101.34713568041253  401.5084734021038
34	101.54963421878556  405.1010538822052
35	101.77114498656881  408.6215604027104
36	102.01223919815253  412.07314438494365
37	102.27343114836857  415.45874089291385
38	102.55517913141026  418.78108877917833
39	102.85788677283684  422.04274849449035
40	103.18190469248073  425.2461178842293
41	103.5275324256004  428.3934462430959
42	103.89502053880268  431.48684685729467
43	104.28457288588447  434.52830822855094
44	104.69634895669496  437.51970414542143
45	105.13046627934109  440.4628027432995
46	105.58700284253686  443.35927467440484
47	106.06599951063265  446.2107004921619
48	106.56746240891061  449.01857734014163
49	107.09136526111843  451.7843250237037
Test4_31_31_trapez.txt
0	100.00000002351987  166.93573816057236
1	100.00000035575894  207.2333219345784
2	100.00000272671673  236.28722756483205
3	100.00001416451424  259.4652944161376
4	100.00005626848237  279.0312260423856
5	100.0001828162945  296.1205955859405
6	100.00050723320423  311.3847537980622
7	100.00123871332535  325.23527454307134
8	100.0027227879661  337.95102658899424
9	100.00548018066667  349.73099841677475
10	100.01023760580496  360.7229219022741
11	100.01794564783448  371.039960784965
12	100.02978129666963  380.77102075651646
13	100.04713526757712  389.9874236346144
14	100.071586269722  398.7473970725255
15	100.10486561641765  407.099193437444
16	100.14881599719203  415.08331634746537
17	100.20534803581612  422.7341479041449
18	100.27639767513911  430.08116242395994
19	100.36388667424757  437.1498480774521
20	100.46968773559543  443.9624178834712
21	100.5955950974341  450.5383659815845
22	100.74330087685642  456.89490838136953
23	100.91437704170374  463.04733617703204
24	101.11026261441043  469.0093015467797
25	101.3322555459365  474.79305151258427
26	101.58150861853215  480.4096206497556
27	101.8590287186872  485.8689912120632
28	102.1656788461791  491.180227151379
29	102.50218227564233  496.3515870429577
30	102.86912835153736  501.39061983018206
31	103.26697946724978  506.304246473324
32	103.69607884852338  511.098829953814
33	104.15665882692821  515.7802355976694
34	104.64884934851656  520.3538833025015
35	105.17268651529623  524.8247929552911
36	105.7281210024347  529.1976240933765
37	106.31502623246116  533.476710674355
38	106.9332062196947  537.6660916710448
39	107.58240302435367  541.7695380871018
40	108.26230377702787  545.7905768911387
41	108.97254725111225  549.7325122874811
42	109.71272997408443  553.5984446763313
43	110.48241187875205  557.3912876022553
44	111.28112150333403  561.1137829452989
45	112.10836075493134  564.7685145719385
46	112.96360925498088  568.3579206320638
47	113.84632828800568  571.8843046621804
48	114.75596437664322  575.3498456331004
49	115.691952506796  578.756607061865
