Test1_4_4.txt
0	110.03797235555062  365.81547262515943
1	168.83700976624797  502.5917142786477
2	242.80084627221004  587.3726667096676
3	318.6145887045103  649.3874821805223
4	391.2557917894921  700.0684182944658
5	459.0369089191101  744.0633414735054
6	521.5862853956572  783.3828462176094
7	579.0344613923554  818.9921835720454
8	631.6892582329697  851.4310377963707
9	679.9076191303866  881.0576293885946
Test1_4_4.txt
0	110.03797235555065  365.8154726251594
1	168.83700976624797  502.59171427864766
2	242.80084627221012  587.3726667096677
3	318.61458870451037  649.3874821805223
4	391.25579178949204  700.0684182944657
5	459.03690891911  744.0633414735054
6	521.5862853956572  783.3828462176095
7	579.0344613923552  818.9921835720454
8	631.6892582329697  851.4310377963707
9	679.9076191303867  881.0576293885945
Test1_4_4.txt
0	110.03797235555065  365.8154726251594
1	168.83700976624797  502.59171427864766
2	242.80084627221012  587.3726667096677
3	318.61458870451037  649.3874821805223
4	391.25579178949204  700.0684182944657
5	459.03690891911  744.0633414735054
6	521.5862853956572  783.3828462176095
7	579.0344613923552  818.9921835720454
8	631.6892582329697  851.4310377963707
9	679.9076191303867  881.0576293885945
Test1_4_4.txt
0	110.03797235555065  365.8154726251594
1	168.83700976624797  502.59171427864766
2	242.80084627221012  587.3726667096677
3	318.61458870451037  649.3874821805223
4	391.25579178949204  700.0684182944657
5	459.03690891911  744.0633414735054
6	521.5862853956572  783.3828462176095
7	579.0344613923552  818.9921835720454
8	631.6892582329697  851.4310377963707
9	679.9076191303867  881.0576293885945
Test1_4_4.txt
0	110.03797235555065  365.8154726251594
1	168.83700976624797  502.59171427864766
2	242.80084627221012  587.3726667096677
3	318.61458870451037  649.3874821805223
4	391.25579178949204  700.0684182944657
5	459.03690891911  744.0633414735054
6	521.5862853956572  783.3828462176095
7	579.0344613923552  818.9921835720454
8	631.6892582329697  851.4310377963707
9	679.9076191303867  881.0576293885945
Test1_4_4.txt
0	110.03797235555065  365.8154726251594
1	168.837009766248  502.59171427864766
2	242.8008462722101  587.3726667096677
3	318.61458870451037  649.3874821805223
4	391.25579178949215  700.0684182944657
5	459.03690891911003  744.0633414735054
6	521.5862853956572  783.3828462176093
7	579.0344613923552  818.9921835720453
8	631.6892582329696  851.4310377963704
9	679.9076191303866  881.0576293885945
