Test1_4_4.txt
0	110.03797235555065  365.8154726251594
1	168.83700976624797  502.59171427864766
2	242.80084627221012  587.3726667096677
3	318.61458870451037  649.3874821805223
4	391.25579178949204  700.0684182944657
5	459.03690891911  744.0633414735054
6	521.5862853956572  783.3828462176095
7	579.0344613923552  818.9921835720454
8	631.6892582329697  851.4310377963707
9	679.9076191303867  881.0576293885945
Test2_4_4_MixGrid.txt
0	95.15905036466782  374.6683438965535
1	147.65586590198748  505.95431427736696
2	220.17807637343165  586.9894526119015
3	296.7508284753855  647.2801311288149
4	370.98259631441096  697.3298790618552
5	440.5739685581412  741.2156580867439
6	504.9043332499903  781.2407682534284
7	564.0138842035085  817.4204296949849
8	618.1854601660399  850.2640353753412
9	667.7764039704329  880.1922333906344
Test3_31_31_kwadrat.txt
0	100.00000000027185  149.55695180811625
1	100.0000000052911  177.44492795006855
2	100.00000005146062  197.26696292169999
3	100.0000003344195  213.15278729153135
4	100.00000163824069  226.68258341907585
5	100.00000647120373  238.60706480588075
6	100.00002152936511  249.34669194249923
7	100.00006221274103  259.16507915513046
8	100.0001597833877  268.2406890050145
9	100.00037134491954  276.7010978633194
10	100.00079223550667  284.64128318866716
11	100.00156984610146  292.1342190508955
12	100.00291748383836  299.23740994530624
13	100.0051267975285  305.997121527523
14	100.00857746362766  312.45123021353027
15	100.01374321423239  318.6312061364377
16	100.02119375970878  324.56353148994316
17	100.031592614068  330.27073917337344
18	100.04569120097821  335.77218904797934
19	100.06431986990401  341.0846585343211
20	100.08837658357238  346.2227990902285
21	100.11881406747881  351.19949400701006
22	100.15662616592904  356.02614240041873
23	100.20283405456877  360.7128871853834
24	100.25847284026615  365.2687999687405
25	100.32457895382632  369.70203240688016
26	100.4021786217871  374.0199411720026
27	100.49227759793122  378.229191939541
28	100.59585224671977  382.335846544861
29	100.71384200041075  386.3454365219258
30	100.84714315824674  390.26302553642694
31	100.9966039578428  394.09326269605344
32	101.16302082342376  397.84042831559316
33	101.3471356804125  401.50847340210413
34	101.5496342187855  405.1010538822056
35	101.77114498656874  408.6215604027107
36	102.0122391981525  412.07314438494393
37	102.27343114836857  415.45874089291414
38	102.55517913141024  418.7810887791786
39	102.85788677283679  422.0427484944908
40	103.18190469248066  425.2461178842299
41	103.52753242560034  428.39344624309643
42	103.89502053880261  431.48684685729523
43	104.28457288588446  434.5283082285515
44	104.69634895669493  437.51970414542194
45	105.13046627934106  440.4628027433
46	105.58700284253679  443.35927467440536
47	106.06599951063264  446.2107004921625
48	106.56746240891061  449.01857734014214
49	107.0913652611184  451.7843250237041
Test4_31_31_trapez.txt
0	100.00000002351983  166.9357381605715
1	100.00000035575893  207.23332193457722
2	100.0000027267167  236.28722756483083
3	100.00001416451424  259.4652944161365
4	100.0000562684824  279.0312260423846
5	100.00018281629451  296.1205955859396
6	100.00050723320417  311.3847537980614
7	100.00123871332535  325.2352745430706
8	100.00272278796604  337.9510265889935
9	100.00548018066657  349.730998416774
10	100.0102376058049  360.72292190227347
11	100.01794564783441  371.03996078496436
12	100.02978129666954  380.77102075651595
13	100.04713526757706  389.9874236346138
14	100.07158626972192  398.74739707252485
15	100.10486561641753  407.09919343744343
16	100.14881599719193  415.08331634746474
17	100.20534803581604  422.7341479041443
18	100.276397675139  430.08116242395954
19	100.36388667424748  437.14984807745174
20	100.46968773559531  443.9624178834708
21	100.59559509743399  450.5383659815841
22	100.74330087685632  456.8949083813691
23	100.91437704170362  463.04733617703147
24	101.11026261441033  469.0093015467792
25	101.33225554593638  474.7930515125839
26	101.581508618532  480.40962064975514
27	101.85902871868709  485.8689912120627
28	102.16567884617895  491.1802271513785
29	102.50218227564218  496.35158704295725
30	102.86912835153723  501.3906198301816
31	103.26697946724966  506.30424647332364
32	103.69607884852327  511.09882995381366
33	104.15665882692808  515.780235597669
34	104.64884934851644  520.3538833025011
35	105.17268651529612  524.8247929552908
36	105.72812100243458  529.1976240933761
37	106.31502623246102  533.4767106743546
38	106.93320621969461  537.6660916710443
39	107.58240302435355  541.7695380871014
40	108.26230377702771  545.7905768911384
41	108.97254725111212  549.7325122874809
42	109.71272997408428  553.5984446763312
43	110.4824118787519  557.391287602255
44	111.28112150333389  561.1137829452987
45	112.10836075493121  564.7685145719381
46	112.96360925498074  568.3579206320636
47	113.84632828800555  571.8843046621802
48	114.75596437664309  575.3498456331
49	115.69195250679587  578.7566070618647
